  1    muehl   (13)    4 :  1.000 0.000 0.000 0.000 0.000 
  2    macro    (4)    3 :  0.000 0.407 0.593 0.000 0.000 
  3  muehl_1    (2)    4 :  1.000 0.000 0.000 0.000 0.000 
  4  muehl_2    (2)    4 :  1.000 0.000 0.000 0.000 0.000 
  5  muehl_3    (1)    4 :  1.000 0.000 0.000 0.000 0.000 
  6     alba    (2)    1 :  0.000 0.000 0.000 0.000 1.000 
  7   alba_1    (2)    1 :  0.000 0.000 0.000 0.000 1.000 
  8   alba_2    (1)    1 :  0.000 0.000 0.000 0.000 1.000 
  9   alba_3    (1)    1 :  0.000 0.002 0.001 0.000 0.996 
 10   alba_4    (4)    1 :  0.000 0.000 0.000 0.000 1.000 
 11   alba_5    (3)    1 :  0.000 0.000 0.000 0.000 1.000 
 12   alba_6    (1)    1 :  0.000 0.000 0.000 0.000 1.000 
 13   alba_7    (2)    1 :  0.000 0.000 0.000 0.000 1.000 
 14   alba_8    (1)    1 :  0.000 0.000 0.000 0.000 1.000 
 15   alba_9    (3)    1 :  0.029 0.314 0.050 0.012 0.595 
 16  alba_10    (1)    1 :  0.000 0.000 0.000 0.000 1.000 
 17  alba_11    (6)    1 :  0.000 0.000 0.000 0.000 1.000 
 18  alba_12    (2)    1 :  0.000 0.000 0.000 0.000 1.000 
 19  alba_13    (1)    1 :  0.000 0.019 0.000 0.000 0.981 
 20  alba_14    (2)    1 :  0.000 0.000 0.000 0.000 1.000 
 21  alba_15    (2)    1 :  0.000 0.000 0.000 0.000 1.000 
 22  alba_16    (6)    1 :  0.000 0.000 0.000 0.000 1.000 
 23  alba_17    (3)    1 :  0.000 0.000 0.000 0.000 1.000 
 24  alba_18    (5)    1 :  0.000 0.000 0.000 0.000 1.000 
 25  alba_19    (3)    1 :  0.000 0.470 0.002 0.000 0.528 
 26  alba_20    (3)    1 :  0.000 0.050 0.287 0.000 0.663 
 27  alba_21    (2)    1 :  0.000 0.222 0.411 0.000 0.366 
 28  muehl_4    (3)    4 :  1.000 0.000 0.000 0.000 0.000 
 29  muehl_5    (5)    4 :  1.000 0.000 0.000 0.000 0.000 
 30  alba_22    (7)    1 :  0.000 0.494 0.506 0.000 0.000 
 31  macro_1    (3)    3 :  0.000 0.320 0.680 0.000 0.000 
 32  macro_2    (2)    3 :  0.000 0.794 0.041 0.000 0.165 
 33  alba_23    (1)    1 :  0.000 0.000 0.000 0.000 1.000 
 34  alba_24    (1)    1 :  0.000 0.407 0.068 0.000 0.525 
 35  alba_25    (5)    1 :  0.000 0.370 0.020 0.001 0.610 
 36  alba_26   (10)    1 :  0.000 0.000 0.000 0.000 1.000 
 37  alba_27    (3)    1 :  0.000 0.000 0.000 0.000 1.000 
 38  alba_28    (2)    1 :  0.000 0.000 0.000 0.000 1.000 
 39  alba_29    (3)    1 :  0.000 0.000 0.000 0.000 1.000 
 40  alba_30    (2)    1 :  0.000 0.000 0.000 0.000 1.000 
 41  alba_31    (1)    1 :  0.000 0.000 0.000 0.000 1.000 
 42  alba_32    (2)    1 :  0.000 0.000 0.000 0.000 1.000 
 43  alba_33    (2)    1 :  0.000 0.000 0.000 0.000 1.000 
 44  alba_34    (2)    1 :  0.000 0.000 0.000 0.000 1.000 
 45  alba_35    (1)    1 :  0.000 0.000 0.000 0.000 1.000 
 46  alba_36    (1)    1 :  0.000 0.000 0.000 0.000 1.000 
 47  alba_37    (2)    1 :  0.000 0.000 0.000 0.000 1.000 
 48  alba_38    (2)    1 :  0.000 0.000 0.000 0.000 1.000 
 49  alba_39    (2)    1 :  0.000 0.004 0.003 0.000 0.993 
 50  alba_40    (2)    1 :  0.000 0.489 0.034 0.000 0.477 
 51  alba_41    (1)    1 :  0.000 0.000 0.001 0.000 0.999 
 52  alba_42    (1)    1 :  0.000 0.018 0.000 0.000 0.982 
 53  alba_43    (1)    1 :  0.000 0.000 0.000 0.000 1.000 
 54  alba_44    (2)    1 :  0.000 0.000 0.000 0.000 1.000 
 55    bicol    (5)    2 :  0.151 0.714 0.002 0.085 0.048 
 56  muehl_6    (5)    4 :  1.000 0.000 0.000 0.000 0.000 
 57  muehl_7   (15)    4 :  1.000 0.000 0.000 0.000 0.000 
 58  bicol_1    (2)    2 :  0.130 0.691 0.003 0.111 0.065 
 59  macro_3    (3)    3 :  0.025 0.463 0.498 0.015 0.000 
 60  bicol_2    (2)    2 :  0.121 0.682 0.016 0.114 0.066 
 61  bicol_3    (9)    2 :  0.138 0.649 0.068 0.113 0.033 
 62  alba_45    (2)    1 :  0.104 0.000 0.000 0.000 0.896 
 63  alba_46    (3)    1 :  0.094 0.000 0.000 0.000 0.906 
 64  bicol_4    (3)    2 :  0.032 0.858 0.109 0.000 0.000 
 65  bicol_5    (1)    2 :  0.101 0.641 0.088 0.116 0.054 
 66  macro_4    (2)    3 :  0.000 0.878 0.121 0.000 0.000 
 67  macro_5    (2)    3 :  0.000 0.828 0.172 0.000 0.000 
 68  macro_6    (2)    3 :  0.007 0.317 0.675 0.001 0.001 
 69  macro_7    (2)    3 :  0.000 0.194 0.806 0.000 0.000 
 70  macro_8    (2)    3 :  0.000 0.238 0.762 0.000 0.000 
 71  macro_9    (4)    3 :  0.000 0.883 0.117 0.000 0.000 
 72 macro_10    (2)    3 :  0.003 0.050 0.930 0.016 0.000 
 73 macro_11    (2)    3 :  0.000 0.327 0.673 0.000 0.000 
 74 macro_12    (1)    3 :  0.000 0.854 0.146 0.000 0.000 
 75 macro_13    (2)    3 :  0.000 0.618 0.382 0.000 0.000 
 76 macro_14    (2)    3 :  0.000 0.957 0.043 0.000 0.000 
 77 macro_15    (2)    3 :  0.000 0.193 0.807 0.000 0.000 
 78 macro_16    (2)    3 :  0.000 0.346 0.654 0.000 0.000 
 79 macro_17    (2)    3 :  0.000 0.821 0.153 0.000 0.026 
 80 macro_18    (2)    3 :  0.000 0.931 0.067 0.000 0.001 
 81 macro_19    (1)    3 :  0.000 0.397 0.603 0.000 0.000 
 82 macro_20    (7)    3 :  0.000 0.334 0.666 0.000 0.000 
 83 macro_21    (2)    3 :  0.000 0.407 0.593 0.000 0.000 
 84 macro_22    (3)    3 :  0.000 0.555 0.445 0.000 0.000 
 85 macro_23    (3)    3 :  0.042 0.818 0.093 0.034 0.013 
 86 macro_24    (1)    3 :  0.000 0.774 0.226 0.000 0.000 
 87 macro_25    (1)    3 :  0.000 0.885 0.115 0.000 0.000 
 88  alba_47    (2)    1 :  0.000 0.008 0.000 0.000 0.992 
 89 macro_26    (1)    3 :  0.000 0.874 0.126 0.000 0.000 
 90 macro_27    (6)    3 :  0.000 0.952 0.048 0.000 0.000 
 91 macro_28    (2)    3 :  0.000 0.671 0.328 0.000 0.000 
 92 macro_29    (6)    3 :  0.000 0.665 0.334 0.000 0.000 
 93 macro_30   (11)    3 :  0.000 0.852 0.147 0.000 0.001 
 94 macro_31    (5)    3 :  0.011 0.988 0.001 0.000 0.000 
 95 macro_32    (2)    3 :  0.000 0.834 0.166 0.000 0.000 
 96 macro_33    (1)    3 :  0.000 0.893 0.107 0.000 0.000 
 97 macro_34    (3)    3 :  0.000 0.933 0.067 0.000 0.000 
 98 macro_35   (10)    3 :  0.000 0.872 0.128 0.000 0.000 
 99 macro_36    (4)    3 :  0.000 0.900 0.100 0.000 0.000 
100 macro_37    (6)    3 :  0.000 0.905 0.095 0.000 0.000 
101 macro_38    (7)    3 :  0.000 0.790 0.210 0.000 0.000 
102 macro_39    (8)    3 :  0.000 0.848 0.151 0.000 0.001 
103 macro_40    (6)    3 :  0.000 0.872 0.128 0.000 0.000 
104 macro_41    (6)    3 :  0.004 0.858 0.138 0.000 0.000 
105 macro_42   (26)    3 :  0.000 0.226 0.774 0.000 0.000 
106 macro_43    (2)    3 :  0.000 0.681 0.319 0.000 0.000 
107 macro_44    (1)    3 :  0.000 0.606 0.394 0.000 0.000 
108 macro_45    (3)    3 :  0.000 0.855 0.145 0.000 0.000 
109 macro_46    (2)    3 :  0.000 0.355 0.645 0.000 0.000 
110 macro_47    (3)    3 :  0.000 0.278 0.722 0.000 0.000 
111 macro_48    (2)    3 :  0.000 0.082 0.918 0.000 0.000 
112 macro_49    (2)    3 :  0.000 0.000 1.000 0.000 0.000 
113 macro_50    (1)    3 :  0.000 0.132 0.868 0.000 0.000 
114 macro_51    (3)    3 :  0.000 0.478 0.522 0.000 0.000 
115 macro_52    (2)    3 :  0.000 0.347 0.653 0.000 0.000 
116  alba_48    (2)    1 :  0.000 0.000 0.000 0.000 1.000 
117 macro_53    (5)    3 :  0.000 0.961 0.039 0.000 0.000 
118 macro_54    (5)    3 :  0.000 0.903 0.097 0.000 0.000 
119 macro_55    (3)    3 :  0.000 0.927 0.072 0.000 0.000 
120 macro_56   (12)    3 :  0.000 0.938 0.062 0.000 0.000 
121 macro_57    (6)    3 :  0.000 0.958 0.042 0.000 0.000 
122 macro_58    (3)    3 :  0.000 0.940 0.060 0.000 0.000 
123 macro_59    (3)    3 :  0.000 0.867 0.133 0.000 0.000 
124 macro_60    (2)    3 :  0.000 0.789 0.211 0.000 0.000 
125 macro_61   (10)    3 :  0.000 0.881 0.119 0.000 0.000 
126 macro_62    (2)    3 :  0.000 0.371 0.629 0.000 0.000 
127 macro_63    (3)    3 :  0.002 0.365 0.634 0.000 0.000 
128 macro_64    (3)    3 :  0.000 0.386 0.614 0.000 0.000 
129 macro_65    (3)    3 :  0.000 0.376 0.624 0.000 0.000 
130 macro_66    (2)    3 :  0.000 0.205 0.795 0.000 0.000 
131 macro_67    (2)    3 :  0.000 0.000 1.000 0.000 0.000 
132 macro_68    (1)    3 :  0.000 0.163 0.837 0.000 0.000 
133 macro_69    (2)    3 :  0.000 0.214 0.786 0.000 0.000 
134 macro_70   (10)    3 :  0.000 0.576 0.424 0.000 0.000 
135 macro_71    (2)    3 :  0.000 0.791 0.209 0.000 0.000 
136 macro_72    (2)    3 :  0.000 0.816 0.184 0.000 0.000 
137 macro_73    (2)    3 :  0.000 0.803 0.197 0.000 0.000 
138 macro_74    (4)    3 :  0.050 0.657 0.165 0.049 0.079 
139 macro_75    (2)    3 :  0.000 0.900 0.100 0.000 0.000 
140 macro_76    (2)    3 :  0.019 0.882 0.099 0.000 0.000 
141 macro_77    (3)    3 :  0.000 0.856 0.144 0.000 0.000 
142 macro_78    (2)    3 :  0.027 0.822 0.063 0.025 0.063 
143 macro_79    (2)    3 :  0.000 0.870 0.130 0.000 0.000 
144 macro_80    (4)    3 :  0.000 0.894 0.094 0.000 0.012 
145 macro_81    (3)    3 :  0.002 0.800 0.177 0.000 0.021 
146 macro_82    (2)    3 :  0.007 0.772 0.208 0.009 0.004 
147 macro_83    (1)    3 :  0.000 0.829 0.164 0.000 0.007 
148 macro_84    (3)    3 :  0.003 0.907 0.087 0.003 0.000 
149 macro_85    (2)    3 :  0.000 0.939 0.061 0.000 0.000 
150 macro_86   (12)    3 :  0.000 0.950 0.050 0.000 0.000 
151 macro_87    (7)    3 :  0.000 0.882 0.118 0.000 0.000 
152 macro_88    (1)    3 :  0.000 0.810 0.190 0.000 0.000 
153 macro_89    (2)    3 :  0.000 0.826 0.173 0.000 0.000 
154 macro_90   (10)    3 :  0.037 0.837 0.109 0.000 0.017 
155 macro_91    (1)    3 :  0.000 0.331 0.669 0.000 0.000 
156 macro_92    (2)    3 :  0.000 0.321 0.679 0.000 0.000 
157 macro_93    (2)    3 :  0.000 0.298 0.702 0.000 0.000 
158 macro_94    (2)    3 :  0.000 0.355 0.644 0.000 0.000 
159 macro_95    (2)    3 :  0.000 0.506 0.494 0.000 0.000 
160 macro_96    (3)    3 :  0.000 0.528 0.472 0.000 0.000 
161 macro_97    (1)    3 :  0.009 0.411 0.579 0.000 0.000 
162 macro_98    (3)    3 :  0.000 0.438 0.561 0.000 0.000 
163 macro_99    (2)    3 :  0.007 0.398 0.595 0.000 0.000 
164  alba_49    (1)    1 :  0.000 0.000 0.000 0.000 1.000 
165  alba_50    (2)    1 :  0.000 0.000 0.000 0.000 1.000 
166 macro_100    (1)    3 :  0.000 0.870 0.121 0.008 0.000 
167 macro_101    (1)    3 :  0.001 0.904 0.049 0.000 0.046 
168 macro_102    (2)    3 :  0.000 0.710 0.278 0.000 0.012 
169 macro_103    (1)    3 :  0.000 0.777 0.208 0.000 0.015 
170  alba_51    (1)    1 :  0.000 0.000 0.000 0.000 1.000 
171 macro_104    (1)    3 :  0.000 0.897 0.103 0.000 0.000 
172 macro_105    (1)    3 :  0.000 0.886 0.114 0.000 0.000 
173 macro_106    (1)    3 :  0.000 0.998 0.002 0.000 0.000 
174 macro_107    (1)    3 :  0.000 0.890 0.110 0.000 0.000 
175 macro_108    (2)    3 :  0.000 0.938 0.062 0.000 0.000 
176 macro_109    (2)    3 :  0.000 0.943 0.057 0.000 0.000 
177 macro_110    (1)    3 :  0.000 0.953 0.047 0.000 0.000 
178 macro_111    (1)    3 :  0.000 0.890 0.110 0.000 0.000 
179 macro_112    (2)    3 :  0.000 0.908 0.092 0.000 0.000 
180 macro_113    (1)    3 :  0.000 0.908 0.092 0.000 0.000 
181 macro_114    (1)    3 :  0.000 0.901 0.099 0.000 0.000 
182 macro_115    (1)    3 :  0.000 0.906 0.094 0.000 0.000 
183 macro_116    (1)    3 :  0.000 0.639 0.361 0.000 0.000 
184 macro_117    (1)    3 :  0.002 0.934 0.064 0.000 0.000 
185 macro_118    (2)    3 :  0.000 0.641 0.359 0.000 0.000 
186 macro_119    (1)    3 :  0.000 0.708 0.292 0.000 0.000 
187 macro_120   (57)    3 :  0.000 0.712 0.286 0.000 0.002 
188 macro_121    (2)    3 :  0.000 0.664 0.335 0.000 0.000 
189 macro_122    (1)    3 :  0.000 0.680 0.320 0.000 0.000 
190 macro_123    (1)    3 :  0.000 0.956 0.044 0.000 0.000 
191 macro_124    (3)    3 :  0.000 0.944 0.056 0.000 0.000 
192  muehl_8    (3)    4 :  0.957 0.040 0.000 0.000 0.002 
193  muehl_9    (1)    4 :  1.000 0.000 0.000 0.000 0.000 
194 muehl_10    (6)    4 :  0.985 0.000 0.000 0.015 0.000 
195 muehl_11    (6)    4 :  1.000 0.000 0.000 0.000 0.000 
196 muehl_12    (3)    4 :  0.967 0.002 0.031 0.000 0.000 
197 muehl_13    (7)    4 :  1.000 0.000 0.000 0.000 0.000 
198 muehl_14    (1)    4 :  0.137 0.862 0.000 0.000 0.000 
199 muehl_15    (2)    4 :  0.613 0.387 0.000 0.000 0.000 
200 muehl_16    (2)    4 :  1.000 0.000 0.000 0.000 0.000 
201 muehl_17    (1)    4 :  0.995 0.000 0.000 0.005 0.000 
202 muehl_18    (1)    4 :  1.000 0.000 0.000 0.000 0.000 
203 muehl_19    (1)    4 :  1.000 0.000 0.000 0.000 0.000 
204  alba_52    (3)    1 :  0.082 0.381 0.007 0.030 0.500 
205    stell    (1)    5 :  0.000 0.000 0.000 1.000 0.000 
206 macro_125    (2)    3 :  0.000 0.255 0.745 0.000 0.000 
207  stell_1    (2)    5 :  0.000 0.000 0.000 1.000 0.000 
208  stell_2    (1)    5 :  0.000 0.000 0.000 1.000 0.000 
209  stell_3    (1)    5 :  0.000 0.000 0.000 1.000 0.000 
210  stell_4    (2)    5 :  0.000 0.000 0.000 1.000 0.000 
211  stell_5    (7)    5 :  0.000 0.000 0.000 1.000 0.000 
212  stell_6    (1)    5 :  0.000 0.000 0.000 1.000 0.000 
213  stell_7    (6)    5 :  0.000 0.124 0.000 0.876 0.000 
214  stell_8    (3)    5 :  0.000 0.000 0.223 0.776 0.000 
215  stell_9    (4)    5 :  0.000 0.000 0.257 0.742 0.000 
216 stell_10    (2)    5 :  0.000 0.000 0.000 1.000 0.000 
217 stell_11    (2)    5 :  0.000 0.000 0.000 1.000 0.000 
218 stell_12    (1)    5 :  0.000 0.000 0.000 1.000 0.000 
219 stell_13    (1)    5 :  0.000 0.000 0.000 1.000 0.000 
220  alba_53   (13)    1 :  0.000 0.010 0.000 0.000 0.990 
221 macro_126    (6)    3 :  0.000 0.853 0.147 0.000 0.000 
222 macro_127   (11)    3 :  0.000 0.938 0.062 0.000 0.000 
223 stell_14   (10)    5 :  0.000 0.000 0.000 1.000 0.000 
224  alba_54    (5)    1 :  0.000 0.013 0.001 0.000 0.985 
225  alba_55    (7)    1 :  0.000 0.000 0.009 0.000 0.990 
226  alba_56    (4)    1 :  0.001 0.000 0.000 0.000 0.999 
227  alba_57    (2)    1 :  0.000 0.000 0.000 0.000 1.000 
228  alba_58   (17)    1 :  0.000 0.012 0.000 0.000 0.988 
229  alba_59    (8)    1 :  0.000 0.000 0.000 0.000 1.000 
230  alba_60    (6)    1 :  0.000 0.000 0.000 0.000 1.000 
231  alba_61   (19)    1 :  0.000 0.000 0.000 0.000 1.000 
232  alba_62   (14)    1 :  0.000 0.000 0.000 0.000 1.000 
233  alba_63    (4)    1 :  0.000 0.037 0.011 0.000 0.951 
234  alba_64   (10)    1 :  0.000 0.000 0.000 0.000 1.000 
235  alba_65    (6)    1 :  0.000 0.000 0.000 0.000 1.000 
236  alba_66    (2)    1 :  0.000 0.000 0.000 0.000 1.000 
237  alba_67    (2)    1 :  0.000 0.000 0.000 0.000 1.000 
238  alba_68    (2)    1 :  0.000 0.000 0.000 0.000 1.000 
239  alba_69    (4)    1 :  0.000 0.000 0.000 0.000 1.000 
240  bicol_6   (10)    2 :  0.069 0.787 0.054 0.064 0.026 
241 macro_128    (5)    3 :  0.000 0.872 0.128 0.000 0.000 
242 macro_129   (11)    3 :  0.000 0.982 0.018 0.000 0.000 
243 macro_130   (13)    3 :  0.000 0.731 0.268 0.000 0.000 
244 macro_131   (12)    3 :  0.000 0.845 0.155 0.000 0.000 
245 macro_132    (8)    3 :  0.003 0.919 0.072 0.000 0.006 
246 macro_133   (15)    3 :  0.028 0.890 0.025 0.018 0.039 
247 macro_134    (6)    3 :  0.025 0.945 0.002 0.028 0.001 
248 macro_135    (4)    3 :  0.000 0.862 0.138 0.000 0.000 
249 macro_136    (5)    3 :  0.008 0.935 0.057 0.000 0.000 
250 macro_137   (12)    3 :  0.001 0.880 0.119 0.000 0.000 
251 macro_138   (14)    3 :  0.001 0.858 0.140 0.000 0.000 
252 macro_139   (10)    3 :  0.000 0.815 0.185 0.000 0.000 
253 macro_140   (27)    3 :  0.000 0.847 0.153 0.000 0.000 
254 macro_141   (10)    3 :  0.000 0.792 0.208 0.000 0.000 
255 macro_142   (10)    3 :  0.000 0.856 0.144 0.000 0.000 
256 macro_143    (5)    3 :  0.000 0.826 0.174 0.000 0.000 
257 macro_144   (25)    3 :  0.000 0.317 0.683 0.000 0.000 
258 muehl_20   (33)    4 :  1.000 0.000 0.000 0.000 0.000 
259 muehl_21    (4)    4 :  1.000 0.000 0.000 0.000 0.000 
260 muehl_22   (27)    4 :  1.000 0.000 0.000 0.000 0.000 
261 stell_15    (2)    5 :  0.000 0.000 0.000 1.000 0.000 
262 stell_16   (10)    5 :  0.000 0.000 0.000 1.000 0.000 
263 stell_17   (21)    5 :  0.000 0.000 0.000 1.000 0.000 
