  1    muehl   (13)    4 :  0.000 1.000 0.000 0.000 0.000 0.000 0.000 0.000 0.000 
  2    macro    (4)    3 :  0.120 0.000 0.010 0.016 0.000 0.574 0.000 0.000 0.278 
  3  muehl_1    (2)    4 :  0.000 1.000 0.000 0.000 0.000 0.000 0.000 0.000 0.000 
  4  muehl_2    (2)    4 :  0.000 1.000 0.000 0.000 0.000 0.000 0.000 0.000 0.000 
  5  muehl_3    (1)    4 :  0.000 1.000 0.000 0.000 0.000 0.000 0.000 0.000 0.000 
  6     alba    (2)    1 :  0.000 0.000 0.000 0.000 0.000 0.000 1.000 0.000 0.000 
  7   alba_1    (2)    1 :  0.000 0.000 0.000 0.000 0.000 0.000 1.000 0.000 0.000 
  8   alba_2    (1)    1 :  0.000 0.000 0.000 0.000 0.000 0.000 1.000 0.000 0.000 
  9   alba_3    (1)    1 :  0.011 0.000 0.000 0.000 0.002 0.000 0.987 0.000 0.000 
 10   alba_4    (4)    1 :  0.000 0.000 0.000 0.000 0.000 0.000 1.000 0.000 0.000 
 11   alba_5    (3)    1 :  0.000 0.000 0.000 0.000 0.000 0.000 1.000 0.000 0.000 
 12   alba_6    (1)    1 :  0.000 0.000 0.000 0.000 0.000 0.000 0.999 0.000 0.000 
 13   alba_7    (2)    1 :  0.000 0.000 0.000 0.000 0.000 0.000 1.000 0.000 0.000 
 14   alba_8    (1)    1 :  0.000 0.000 0.000 0.000 0.000 0.000 1.000 0.000 0.000 
 15   alba_9    (3)    1 :  0.000 0.000 0.006 0.000 0.292 0.000 0.549 0.000 0.152 
 16  alba_10    (1)    1 :  0.000 0.000 0.000 0.000 0.000 0.000 1.000 0.000 0.000 
 17  alba_11    (6)    1 :  0.000 0.000 0.000 0.000 0.000 0.000 1.000 0.000 0.000 
 18  alba_12    (2)    1 :  0.000 0.000 0.000 0.000 0.000 0.000 1.000 0.000 0.000 
 19  alba_13    (1)    1 :  0.000 0.000 0.020 0.000 0.000 0.000 0.979 0.000 0.000 
 20  alba_14    (2)    1 :  0.000 0.000 0.000 0.000 0.000 0.000 0.999 0.000 0.000 
 21  alba_15    (2)    1 :  0.000 0.000 0.000 0.000 0.000 0.000 1.000 0.000 0.000 
 22  alba_16    (6)    1 :  0.000 0.000 0.000 0.000 0.000 0.000 1.000 0.000 0.000 
 23  alba_17    (3)    1 :  0.000 0.000 0.000 0.000 0.000 0.000 1.000 0.000 0.000 
 24  alba_18    (5)    1 :  0.000 0.001 0.000 0.000 0.000 0.000 0.999 0.000 0.000 
 25  alba_19    (3)    1 :  0.071 0.000 0.373 0.016 0.000 0.000 0.528 0.000 0.011 
 26  alba_20    (3)    1 :  0.000 0.000 0.009 0.060 0.001 0.271 0.659 0.000 0.000 
 27  alba_21    (2)    1 :  0.008 0.000 0.146 0.083 0.001 0.397 0.364 0.000 0.000 
 28  muehl_4    (3)    4 :  0.000 1.000 0.000 0.000 0.000 0.000 0.000 0.000 0.000 
 29  muehl_5    (5)    4 :  0.000 1.000 0.000 0.000 0.000 0.000 0.000 0.000 0.000 
 30  alba_22    (7)    1 :  0.089 0.000 0.226 0.000 0.027 0.485 0.000 0.000 0.173 
 31  macro_1    (3)    3 :  0.069 0.000 0.151 0.045 0.000 0.656 0.000 0.000 0.078 
 32  macro_2    (2)    3 :  0.077 0.000 0.721 0.000 0.013 0.018 0.170 0.000 0.000 
 33  alba_23    (1)    1 :  0.000 0.000 0.000 0.000 0.000 0.000 1.000 0.000 0.000 
 34  alba_24    (1)    1 :  0.101 0.000 0.289 0.038 0.001 0.046 0.524 0.000 0.001 
 35  alba_25    (5)    1 :  0.014 0.000 0.202 0.001 0.119 0.001 0.587 0.000 0.076 
 36  alba_26   (10)    1 :  0.000 0.000 0.000 0.000 0.000 0.000 1.000 0.000 0.000 
 37  alba_27    (3)    1 :  0.000 0.000 0.000 0.000 0.000 0.000 1.000 0.000 0.000 
 38  alba_28    (2)    1 :  0.000 0.000 0.000 0.000 0.000 0.000 1.000 0.000 0.000 
 39  alba_29    (3)    1 :  0.000 0.000 0.000 0.000 0.000 0.000 1.000 0.000 0.000 
 40  alba_30    (2)    1 :  0.000 0.000 0.000 0.000 0.000 0.000 1.000 0.000 0.000 
 41  alba_31    (1)    1 :  0.000 0.000 0.000 0.000 0.000 0.000 1.000 0.000 0.000 
 42  alba_32    (2)    1 :  0.001 0.000 0.000 0.000 0.000 0.000 0.998 0.000 0.000 
 43  alba_33    (2)    1 :  0.000 0.000 0.000 0.000 0.000 0.000 1.000 0.000 0.000 
 44  alba_34    (2)    1 :  0.000 0.000 0.000 0.000 0.000 0.000 1.000 0.000 0.000 
 45  alba_35    (1)    1 :  0.000 0.000 0.000 0.000 0.000 0.000 1.000 0.000 0.000 
 46  alba_36    (1)    1 :  0.000 0.000 0.000 0.000 0.000 0.000 1.000 0.000 0.000 
 47  alba_37    (2)    1 :  0.000 0.000 0.000 0.000 0.000 0.000 1.000 0.000 0.000 
 48  alba_38    (2)    1 :  0.000 0.000 0.000 0.000 0.000 0.000 1.000 0.000 0.000 
 49  alba_39    (2)    1 :  0.000 0.000 0.007 0.000 0.000 0.000 0.988 0.000 0.005 
 50  alba_40    (2)    1 :  0.055 0.000 0.406 0.007 0.059 0.004 0.466 0.000 0.002 
 51  alba_41    (1)    1 :  0.000 0.000 0.000 0.001 0.000 0.000 0.998 0.000 0.000 
 52  alba_42    (1)    1 :  0.018 0.000 0.000 0.000 0.000 0.000 0.981 0.000 0.000 
 53  alba_43    (1)    1 :  0.000 0.000 0.000 0.000 0.000 0.000 1.000 0.000 0.000 
 54  alba_44    (2)    1 :  0.000 0.000 0.000 0.000 0.000 0.000 1.000 0.000 0.000 
 55    bicol    (5)    2 :  0.000 0.000 0.000 0.000 1.000 0.000 0.000 0.000 0.000 
 56  muehl_6    (5)    4 :  0.000 1.000 0.000 0.000 0.000 0.000 0.000 0.000 0.000 
 57  muehl_7   (15)    4 :  0.000 0.995 0.000 0.000 0.000 0.000 0.000 0.000 0.004 
 58  bicol_1    (2)    2 :  0.000 0.000 0.000 0.000 1.000 0.000 0.000 0.000 0.000 
 59  macro_3    (3)    3 :  0.001 0.000 0.108 0.000 0.388 0.502 0.000 0.000 0.000 
 60  bicol_2    (2)    2 :  0.000 0.000 0.000 0.000 1.000 0.000 0.000 0.000 0.000 
 61  bicol_3    (9)    2 :  0.000 0.000 0.000 0.000 1.000 0.000 0.000 0.000 0.000 
 62  alba_45    (2)    1 :  0.000 0.104 0.000 0.000 0.000 0.000 0.895 0.000 0.000 
 63  alba_46    (3)    1 :  0.000 0.094 0.000 0.000 0.000 0.000 0.905 0.000 0.000 
 64  bicol_4    (3)    2 :  0.110 0.035 0.723 0.046 0.000 0.065 0.000 0.000 0.021 
 65  bicol_5    (1)    2 :  0.000 0.000 0.000 0.000 1.000 0.000 0.000 0.000 0.000 
 66  macro_4    (2)    3 :  0.223 0.000 0.570 0.150 0.000 0.057 0.000 0.000 0.000 
 67  macro_5    (2)    3 :  0.160 0.000 0.578 0.089 0.000 0.130 0.000 0.000 0.043 
 68  macro_6    (2)    3 :  0.054 0.003 0.181 0.000 0.000 0.656 0.002 0.000 0.103 
 69  macro_7    (2)    3 :  0.028 0.000 0.156 0.000 0.000 0.816 0.000 0.000 0.000 
 70  macro_8    (2)    3 :  0.063 0.000 0.138 0.000 0.000 0.756 0.000 0.000 0.043 
 71  macro_9    (4)    3 :  0.104 0.000 0.648 0.083 0.000 0.074 0.000 0.000 0.090 
 72 macro_10    (2)    3 :  0.020 0.000 0.000 0.000 0.036 0.902 0.000 0.010 0.032 
 73 macro_11    (2)    3 :  0.021 0.000 0.163 0.001 0.000 0.673 0.000 0.000 0.142 
 74 macro_12    (1)    3 :  0.089 0.000 0.713 0.065 0.000 0.099 0.000 0.000 0.034 
 75 macro_13    (2)    3 :  0.074 0.000 0.423 0.005 0.000 0.347 0.000 0.000 0.151 
 76 macro_14    (2)    3 :  0.201 0.000 0.698 0.038 0.000 0.000 0.000 0.000 0.062 
 77 macro_15    (2)    3 :  0.043 0.000 0.056 0.001 0.000 0.799 0.000 0.000 0.100 
 78 macro_16    (2)    3 :  0.001 0.000 0.319 0.000 0.000 0.647 0.000 0.000 0.033 
 79 macro_17    (2)    3 :  0.084 0.000 0.542 0.072 0.053 0.096 0.019 0.000 0.133 
 80 macro_18    (2)    3 :  0.090 0.000 0.699 0.099 0.000 0.003 0.001 0.000 0.109 
 81 macro_19    (1)    3 :  0.010 0.000 0.307 0.017 0.001 0.596 0.000 0.000 0.069 
 82 macro_20    (7)    3 :  0.082 0.000 0.000 0.033 0.000 0.623 0.000 0.000 0.262 
 83 macro_21    (2)    3 :  0.119 0.000 0.253 0.027 0.000 0.588 0.000 0.000 0.013 
 84 macro_22    (3)    3 :  0.099 0.000 0.311 0.068 0.000 0.400 0.000 0.000 0.120 
 85 macro_23    (3)    3 :  0.086 0.000 0.339 0.002 0.469 0.002 0.000 0.000 0.101 
 86 macro_24    (1)    3 :  0.124 0.000 0.613 0.035 0.000 0.187 0.000 0.000 0.042 
 87 macro_25    (1)    3 :  0.988 0.000 0.008 0.001 0.000 0.003 0.000 0.000 0.000 
 88  alba_47    (2)    1 :  0.000 0.000 0.001 0.010 0.000 0.000 0.989 0.000 0.000 
 89 macro_26    (1)    3 :  0.162 0.000 0.585 0.001 0.000 0.061 0.000 0.000 0.191 
 90 macro_27    (6)    3 :  0.118 0.000 0.674 0.000 0.000 0.000 0.000 0.000 0.208 
 91 macro_28    (2)    3 :  0.124 0.000 0.382 0.047 0.000 0.269 0.000 0.000 0.176 
 92 macro_29    (6)    3 :  0.208 0.000 0.289 0.038 0.000 0.288 0.000 0.000 0.176 
 93 macro_30   (11)    3 :  0.191 0.000 0.401 0.144 0.000 0.084 0.000 0.000 0.180 
 94 macro_31    (5)    3 :  0.112 0.007 0.664 0.041 0.001 0.000 0.000 0.000 0.175 
 95 macro_32    (2)    3 :  0.190 0.000 0.546 0.106 0.000 0.135 0.000 0.000 0.023 
 96 macro_33    (1)    3 :  0.175 0.000 0.776 0.000 0.000 0.049 0.000 0.000 0.000 
 97 macro_34    (3)    3 :  0.991 0.000 0.007 0.002 0.000 0.000 0.000 0.000 0.000 
 98 macro_35   (10)    3 :  0.127 0.000 0.528 0.000 0.000 0.090 0.000 0.000 0.254 
 99 macro_36    (4)    3 :  0.144 0.000 0.578 0.061 0.001 0.056 0.000 0.000 0.159 
100 macro_37    (6)    3 :  0.147 0.000 0.560 0.058 0.006 0.053 0.000 0.000 0.176 
101 macro_38    (7)    3 :  0.144 0.000 0.392 0.084 0.000 0.144 0.000 0.000 0.235 
102 macro_39    (8)    3 :  0.185 0.000 0.449 0.092 0.001 0.067 0.000 0.000 0.205 
103 macro_40    (6)    3 :  0.182 0.000 0.504 0.000 0.000 0.050 0.000 0.000 0.264 
104 macro_41    (6)    3 :  0.128 0.001 0.471 0.103 0.024 0.072 0.000 0.000 0.202 
105 macro_42   (26)    3 :  0.000 0.000 0.000 0.000 0.005 0.759 0.000 0.000 0.235 
106 macro_43    (2)    3 :  0.055 0.000 0.554 0.001 0.000 0.289 0.000 0.000 0.101 
107 macro_44    (1)    3 :  0.061 0.000 0.514 0.035 0.001 0.388 0.000 0.000 0.000 
108 macro_45    (3)    3 :  0.000 0.000 0.000 1.000 0.000 0.000 0.000 0.000 0.000 
109 macro_46    (2)    3 :  0.000 0.000 0.355 0.027 0.000 0.617 0.000 0.000 0.000 
110 macro_47    (3)    3 :  0.001 0.000 0.205 0.000 0.000 0.720 0.000 0.000 0.073 
111 macro_48    (2)    3 :  0.058 0.000 0.004 0.000 0.000 0.938 0.000 0.000 0.000 
112 macro_49    (2)    3 :  0.000 0.000 0.000 0.000 0.000 0.996 0.000 0.000 0.004 
113 macro_50    (1)    3 :  0.032 0.000 0.001 0.000 0.000 0.802 0.000 0.000 0.164 
114 macro_51    (3)    3 :  0.039 0.000 0.383 0.000 0.000 0.503 0.000 0.000 0.074 
115 macro_52    (2)    3 :  0.053 0.000 0.258 0.047 0.000 0.642 0.000 0.000 0.000 
116  alba_48    (2)    1 :  0.000 0.000 0.000 0.000 0.000 0.000 1.000 0.000 0.000 
117 macro_53    (5)    3 :  0.168 0.000 0.597 0.025 0.000 0.000 0.000 0.000 0.210 
118 macro_54    (5)    3 :  0.172 0.000 0.586 0.000 0.000 0.010 0.000 0.000 0.231 
119 macro_55    (3)    3 :  0.127 0.000 0.669 0.074 0.000 0.028 0.000 0.000 0.102 
120 macro_56   (12)    3 :  0.212 0.000 0.601 0.040 0.000 0.016 0.000 0.000 0.131 
121 macro_57    (6)    3 :  0.136 0.000 0.621 0.066 0.000 0.008 0.000 0.000 0.169 
122 macro_58    (3)    3 :  0.191 0.000 0.585 0.056 0.000 0.001 0.000 0.000 0.167 
123 macro_59    (3)    3 :  0.000 0.000 0.000 1.000 0.000 0.000 0.000 0.000 0.000 
124 macro_60    (2)    3 :  0.111 0.000 0.585 0.007 0.000 0.171 0.000 0.000 0.127 
125 macro_61   (10)    3 :  0.108 0.000 0.522 0.037 0.000 0.020 0.000 0.000 0.312 
126 macro_62    (2)    3 :  0.089 0.000 0.147 0.051 0.000 0.604 0.000 0.000 0.109 
127 macro_63    (3)    3 :  0.057 0.001 0.225 0.091 0.000 0.625 0.000 0.000 0.001 
128 macro_64    (3)    3 :  0.068 0.000 0.258 0.028 0.000 0.606 0.000 0.000 0.040 
129 macro_65    (3)    3 :  0.001 0.000 0.260 0.000 0.000 0.603 0.000 0.000 0.135 
130 macro_66    (2)    3 :  0.013 0.000 0.118 0.000 0.001 0.809 0.000 0.000 0.058 
131 macro_67    (2)    3 :  0.000 0.000 0.000 0.000 0.000 0.949 0.000 0.000 0.051 
132 macro_68    (1)    3 :  0.003 0.000 0.163 0.001 0.000 0.833 0.000 0.000 0.000 
133 macro_69    (2)    3 :  0.038 0.000 0.180 0.000 0.000 0.781 0.000 0.000 0.000 
134 macro_70   (10)    3 :  0.148 0.000 0.290 0.000 0.000 0.397 0.000 0.000 0.164 
135 macro_71    (2)    3 :  0.161 0.000 0.533 0.072 0.000 0.165 0.000 0.000 0.068 
136 macro_72    (2)    3 :  0.129 0.000 0.676 0.000 0.000 0.142 0.000 0.000 0.052 
137 macro_73    (2)    3 :  0.155 0.000 0.534 0.046 0.001 0.157 0.000 0.000 0.107 
138 macro_74    (4)    3 :  0.049 0.000 0.134 0.015 0.561 0.122 0.023 0.000 0.096 
139 macro_75    (2)    3 :  0.202 0.000 0.561 0.003 0.068 0.022 0.000 0.000 0.143 
140 macro_76    (2)    3 :  0.183 0.018 0.614 0.002 0.004 0.033 0.000 0.000 0.146 
141 macro_77    (3)    3 :  0.181 0.000 0.538 0.056 0.013 0.098 0.000 0.000 0.114 
142 macro_78    (2)    3 :  0.024 0.000 0.394 0.038 0.432 0.004 0.024 0.000 0.084 
143 macro_79    (2)    3 :  0.161 0.000 0.638 0.023 0.063 0.106 0.000 0.000 0.009 
144 macro_80    (4)    3 :  0.121 0.000 0.622 0.050 0.069 0.029 0.005 0.000 0.104 
145 macro_81    (3)    3 :  0.163 0.000 0.477 0.010 0.073 0.122 0.013 0.000 0.141 
146 macro_82    (2)    3 :  0.090 0.013 0.596 0.087 0.035 0.169 0.001 0.002 0.007 
147 macro_83    (1)    3 :  0.159 0.000 0.476 0.052 0.022 0.103 0.001 0.000 0.186 
148 macro_84    (3)    3 :  0.162 0.000 0.593 0.000 0.042 0.002 0.000 0.000 0.201 
149 macro_85    (2)    3 :  0.118 0.000 0.695 0.066 0.063 0.005 0.000 0.000 0.053 
150 macro_86   (12)    3 :  0.190 0.000 0.557 0.001 0.045 0.000 0.000 0.000 0.206 
151 macro_87    (7)    3 :  0.177 0.000 0.485 0.006 0.002 0.001 0.000 0.000 0.329 
152 macro_88    (1)    3 :  0.152 0.000 0.615 0.081 0.008 0.144 0.000 0.000 0.000 
153 macro_89    (2)    3 :  0.117 0.000 0.659 0.000 0.014 0.121 0.000 0.000 0.089 
154 macro_90   (10)    3 :  0.120 0.000 0.328 0.096 0.170 0.007 0.000 0.000 0.280 
155 macro_91    (1)    3 :  0.053 0.000 0.250 0.037 0.000 0.656 0.000 0.000 0.004 
156 macro_92    (2)    3 :  0.003 0.000 0.218 0.047 0.000 0.683 0.000 0.000 0.049 
157 macro_93    (2)    3 :  0.035 0.000 0.157 0.015 0.000 0.671 0.000 0.000 0.122 
158 macro_94    (2)    3 :  0.006 0.000 0.334 0.008 0.000 0.651 0.000 0.000 0.000 
159 macro_95    (2)    3 :  0.171 0.000 0.310 0.020 0.001 0.498 0.000 0.000 0.001 
160 macro_96    (3)    3 :  0.100 0.000 0.280 0.042 0.000 0.445 0.000 0.000 0.133 
161 macro_97    (1)    3 :  0.068 0.008 0.291 0.037 0.018 0.577 0.000 0.000 0.000 
162 macro_98    (3)    3 :  0.051 0.000 0.333 0.058 0.000 0.558 0.000 0.000 0.000 
163 macro_99    (2)    3 :  0.041 0.007 0.283 0.013 0.000 0.574 0.000 0.000 0.082 
164  alba_49    (1)    1 :  0.000 0.000 0.000 0.000 0.000 0.000 1.000 0.000 0.000 
165  alba_50    (2)    1 :  0.000 0.000 0.000 0.000 0.000 0.000 1.000 0.000 0.000 
166 macro_100    (1)    3 :  0.209 0.000 0.576 0.044 0.102 0.069 0.000 0.000 0.000 
167 macro_101    (1)    3 :  0.103 0.000 0.623 0.001 0.135 0.001 0.036 0.000 0.101 
168 macro_102    (2)    3 :  0.114 0.000 0.542 0.050 0.028 0.248 0.010 0.000 0.008 
169 macro_103    (1)    3 :  0.159 0.000 0.527 0.083 0.015 0.179 0.015 0.000 0.021 
170  alba_51    (1)    1 :  0.000 0.000 0.000 0.000 0.000 0.000 1.000 0.000 0.000 
171 macro_104    (1)    3 :  0.147 0.000 0.725 0.036 0.000 0.085 0.000 0.000 0.006 
172 macro_105    (1)    3 :  0.140 0.000 0.762 0.004 0.000 0.093 0.000 0.000 0.002 
173 macro_106    (1)    3 :  0.146 0.000 0.743 0.035 0.000 0.000 0.000 0.000 0.076 
174 macro_107    (1)    3 :  0.191 0.000 0.688 0.040 0.000 0.079 0.000 0.000 0.001 
175 macro_108    (2)    3 :  0.132 0.000 0.739 0.049 0.000 0.012 0.000 0.000 0.068 
176 macro_109    (2)    3 :  0.150 0.000 0.780 0.032 0.000 0.002 0.000 0.000 0.036 
177 macro_110    (1)    3 :  0.120 0.000 0.804 0.075 0.000 0.000 0.000 0.000 0.000 
178 macro_111    (1)    3 :  0.107 0.000 0.723 0.046 0.000 0.051 0.000 0.000 0.074 
179 macro_112    (2)    3 :  0.261 0.000 0.591 0.000 0.000 0.049 0.000 0.000 0.099 
180 macro_113    (1)    3 :  0.162 0.000 0.691 0.086 0.002 0.058 0.000 0.000 0.002 
181 macro_114    (1)    3 :  0.147 0.000 0.731 0.038 0.000 0.081 0.000 0.000 0.003 
182 macro_115    (1)    3 :  0.112 0.000 0.750 0.066 0.000 0.071 0.000 0.000 0.000 
183 macro_116    (1)    3 :  0.117 0.000 0.477 0.063 0.000 0.340 0.000 0.000 0.004 
184 macro_117    (1)    3 :  0.169 0.004 0.738 0.009 0.013 0.021 0.000 0.000 0.046 
185 macro_118    (2)    3 :  0.191 0.000 0.363 0.011 0.002 0.320 0.000 0.000 0.114 
186 macro_119    (1)    3 :  0.117 0.000 0.560 0.010 0.047 0.265 0.000 0.000 0.000 
187 macro_120   (57)    3 :  0.143 0.000 0.318 0.010 0.000 0.193 0.000 0.000 0.335 
188 macro_121    (2)    3 :  0.095 0.000 0.573 0.000 0.013 0.318 0.000 0.000 0.000 
189 macro_122    (1)    3 :  0.108 0.000 0.552 0.037 0.002 0.301 0.000 0.000 0.000 
190 macro_123    (1)    3 :  0.227 0.000 0.647 0.080 0.000 0.000 0.000 0.000 0.046 
191 macro_124    (3)    3 :  0.134 0.000 0.683 0.003 0.000 0.003 0.000 0.000 0.177 
192  muehl_8    (3)    4 :  0.000 0.952 0.037 0.000 0.000 0.000 0.010 0.000 0.000 
193  muehl_9    (1)    4 :  0.000 1.000 0.000 0.000 0.000 0.000 0.000 0.000 0.000 
194 muehl_10    (6)    4 :  0.000 0.982 0.000 0.000 0.000 0.000 0.000 0.017 0.000 
195 muehl_11    (6)    4 :  0.000 1.000 0.000 0.000 0.000 0.000 0.000 0.000 0.000 
196 muehl_12    (3)    4 :  0.000 0.965 0.030 0.000 0.000 0.004 0.000 0.000 0.000 
197 muehl_13    (7)    4 :  0.000 1.000 0.000 0.000 0.000 0.000 0.000 0.000 0.000 
198 muehl_14    (1)    4 :  0.142 0.143 0.669 0.045 0.000 0.000 0.000 0.000 0.000 
199 muehl_15    (2)    4 :  0.052 0.614 0.332 0.001 0.000 0.000 0.000 0.001 0.000 
200 muehl_16    (2)    4 :  0.000 1.000 0.000 0.000 0.000 0.000 0.000 0.000 0.000 
201 muehl_17    (1)    4 :  0.000 0.985 0.000 0.000 0.000 0.000 0.000 0.015 0.000 
202 muehl_18    (1)    4 :  0.000 1.000 0.000 0.000 0.000 0.000 0.000 0.000 0.000 
203 muehl_19    (1)    4 :  0.000 1.000 0.000 0.000 0.000 0.000 0.000 0.000 0.000 
204  alba_52    (3)    1 :  0.001 0.059 0.215 0.003 0.182 0.000 0.472 0.015 0.052 
205    stell    (1)    5 :  0.000 0.000 0.000 0.000 0.000 0.000 0.000 1.000 0.000 
206 macro_125    (2)    3 :  0.030 0.000 0.104 0.036 0.000 0.712 0.000 0.000 0.117 
207  stell_1    (2)    5 :  0.000 0.000 0.000 0.000 0.000 0.000 0.000 1.000 0.000 
208  stell_2    (1)    5 :  0.000 0.000 0.000 0.000 0.000 0.000 0.000 1.000 0.000 
209  stell_3    (1)    5 :  0.000 0.000 0.000 0.000 0.000 0.000 0.000 1.000 0.000 
210  stell_4    (2)    5 :  0.000 0.000 0.000 0.000 0.000 0.000 0.000 1.000 0.000 
211  stell_5    (7)    5 :  0.000 0.000 0.000 0.000 0.000 0.000 0.000 1.000 0.000 
212  stell_6    (1)    5 :  0.000 0.000 0.000 0.000 0.000 0.000 0.000 1.000 0.000 
213  stell_7    (6)    5 :  0.030 0.000 0.001 0.000 0.000 0.000 0.000 0.880 0.089 
214  stell_8    (3)    5 :  0.000 0.000 0.000 0.000 0.000 0.203 0.000 0.775 0.022 
215  stell_9    (4)    5 :  0.000 0.000 0.000 0.000 0.000 0.258 0.000 0.741 0.000 
216 stell_10    (2)    5 :  0.000 0.000 0.000 0.000 0.000 0.000 0.000 1.000 0.000 
217 stell_11    (2)    5 :  0.000 0.000 0.000 0.000 0.000 0.000 0.000 1.000 0.000 
218 stell_12    (1)    5 :  0.000 0.000 0.000 0.000 0.000 0.000 0.000 1.000 0.000 
219 stell_13    (1)    5 :  0.000 0.000 0.000 0.000 0.000 0.000 0.000 1.000 0.000 
220  alba_53   (13)    1 :  0.000 0.000 0.000 0.000 0.000 0.000 0.985 0.000 0.015 
221 macro_126    (6)    3 :  0.126 0.000 0.579 0.001 0.000 0.089 0.000 0.000 0.204 
222 macro_127   (11)    3 :  0.179 0.000 0.628 0.043 0.000 0.003 0.000 0.000 0.147 
223 stell_14   (10)    5 :  0.000 0.000 0.000 0.000 0.000 0.000 0.000 1.000 0.000 
224  alba_54    (5)    1 :  0.001 0.000 0.000 0.000 0.000 0.000 0.982 0.000 0.017 
225  alba_55    (7)    1 :  0.000 0.000 0.000 0.000 0.000 0.000 0.981 0.000 0.018 
226  alba_56    (4)    1 :  0.000 0.001 0.000 0.000 0.001 0.000 0.995 0.000 0.003 
227  alba_57    (2)    1 :  0.000 0.000 0.000 0.000 0.000 0.000 1.000 0.000 0.000 
228  alba_58   (17)    1 :  0.000 0.000 0.000 0.000 0.000 0.000 0.983 0.000 0.017 
229  alba_59    (8)    1 :  0.000 0.000 0.000 0.000 0.002 0.000 0.997 0.000 0.000 
230  alba_60    (6)    1 :  0.000 0.000 0.000 0.000 0.000 0.000 1.000 0.000 0.000 
231  alba_61   (19)    1 :  0.000 0.000 0.000 0.000 0.000 0.000 0.999 0.000 0.000 
232  alba_62   (14)    1 :  0.000 0.000 0.000 0.000 0.000 0.000 1.000 0.000 0.000 
233  alba_63    (4)    1 :  0.000 0.000 0.000 0.000 0.000 0.000 0.946 0.000 0.053 
234  alba_64   (10)    1 :  0.000 0.000 0.000 0.000 0.000 0.000 1.000 0.000 0.000 
235  alba_65    (6)    1 :  0.000 0.000 0.000 0.000 0.000 0.000 1.000 0.000 0.000 
236  alba_66    (2)    1 :  0.000 0.000 0.000 0.000 0.000 0.000 1.000 0.000 0.000 
237  alba_67    (2)    1 :  0.000 0.000 0.000 0.000 0.000 0.000 1.000 0.000 0.000 
238  alba_68    (2)    1 :  0.000 0.000 0.000 0.000 0.000 0.000 1.000 0.000 0.000 
239  alba_69    (4)    1 :  0.000 0.000 0.000 0.000 0.000 0.000 1.000 0.000 0.000 
240  bicol_6   (10)    2 :  0.030 0.000 0.153 0.000 0.705 0.000 0.000 0.000 0.111 
241 macro_128    (5)    3 :  0.090 0.000 0.596 0.076 0.000 0.059 0.000 0.000 0.179 
242 macro_129   (11)    3 :  0.096 0.000 0.755 0.000 0.000 0.000 0.000 0.000 0.148 
243 macro_130   (13)    3 :  0.163 0.000 0.361 0.029 0.018 0.206 0.000 0.000 0.222 
244 macro_131   (12)    3 :  0.086 0.000 0.539 0.001 0.000 0.107 0.000 0.000 0.266 
245 macro_132    (8)    3 :  0.126 0.001 0.500 0.098 0.004 0.013 0.002 0.000 0.256 
246 macro_133   (15)    3 :  0.058 0.023 0.511 0.090 0.042 0.000 0.037 0.009 0.229 
247 macro_134    (6)    3 :  0.109 0.018 0.580 0.038 0.036 0.000 0.000 0.021 0.197 
248 macro_135    (4)    3 :  0.219 0.000 0.457 0.076 0.000 0.099 0.000 0.000 0.149 
249 macro_136    (5)    3 :  0.186 0.005 0.588 0.037 0.000 0.001 0.000 0.000 0.183 
250 macro_137   (12)    3 :  0.150 0.000 0.484 0.012 0.000 0.062 0.000 0.000 0.292 
251 macro_138   (14)    3 :  0.131 0.000 0.413 0.086 0.000 0.038 0.000 0.000 0.332 
252 macro_139   (10)    3 :  0.137 0.000 0.534 0.000 0.000 0.126 0.000 0.000 0.202 
253 macro_140   (27)    3 :  0.088 0.000 0.457 0.096 0.000 0.065 0.000 0.000 0.294 
254 macro_141   (10)    3 :  0.218 0.000 0.459 0.072 0.000 0.172 0.000 0.000 0.079 
255 macro_142   (10)    3 :  0.113 0.000 0.497 0.125 0.000 0.060 0.000 0.000 0.204 
256 macro_143    (5)    3 :  0.119 0.000 0.495 0.007 0.000 0.116 0.000 0.000 0.264 
257 macro_144   (25)    3 :  0.015 0.000 0.062 0.059 0.000 0.631 0.000 0.000 0.234 
258 muehl_20   (33)    4 :  0.000 1.000 0.000 0.000 0.000 0.000 0.000 0.000 0.000 
259 muehl_21    (4)    4 :  0.000 1.000 0.000 0.000 0.000 0.000 0.000 0.000 0.000 
260 muehl_22   (27)    4 :  0.000 1.000 0.000 0.000 0.000 0.000 0.000 0.000 0.000 
261 stell_15    (2)    5 :  0.000 0.000 0.000 0.000 0.000 0.000 0.000 1.000 0.000 
262 stell_16   (10)    5 :  0.000 0.000 0.000 0.000 0.000 0.000 0.000 1.000 0.000 
263 stell_17   (21)    5 :  0.000 0.000 0.000 0.000 0.000 0.000 0.000 1.000 0.000 
