  1    muehl   (13)    4 :  0.000 1.000 0.000 0.000 0.000 0.000 0.000 0.000 
  2    macro    (4)    3 :  0.000 0.000 0.000 0.000 0.607 0.004 0.003 0.387 
  3  muehl_1    (2)    4 :  0.000 1.000 0.000 0.000 0.000 0.000 0.000 0.000 
  4  muehl_2    (2)    4 :  0.000 1.000 0.000 0.000 0.000 0.000 0.000 0.000 
  5  muehl_3    (1)    4 :  0.000 1.000 0.000 0.000 0.000 0.000 0.000 0.000 
  6     alba    (2)    1 :  0.000 0.000 1.000 0.000 0.000 0.000 0.000 0.000 
  7   alba_1    (2)    1 :  0.000 0.000 1.000 0.000 0.000 0.000 0.000 0.000 
  8   alba_2    (1)    1 :  0.000 0.000 1.000 0.000 0.000 0.000 0.000 0.000 
  9   alba_3    (1)    1 :  0.000 0.000 0.984 0.000 0.000 0.016 0.000 0.000 
 10   alba_4    (4)    1 :  0.000 0.000 1.000 0.000 0.000 0.000 0.000 0.000 
 11   alba_5    (3)    1 :  0.000 0.000 1.000 0.000 0.000 0.000 0.000 0.000 
 12   alba_6    (1)    1 :  0.000 0.000 0.996 0.004 0.000 0.000 0.000 0.000 
 13   alba_7    (2)    1 :  0.000 0.000 1.000 0.000 0.000 0.000 0.000 0.000 
 14   alba_8    (1)    1 :  0.000 0.000 1.000 0.000 0.000 0.000 0.000 0.000 
 15   alba_9    (3)    1 :  0.000 0.000 0.525 0.053 0.026 0.273 0.000 0.122 
 16  alba_10    (1)    1 :  0.000 0.000 1.000 0.000 0.000 0.000 0.000 0.000 
 17  alba_11    (6)    1 :  0.000 0.000 1.000 0.000 0.000 0.000 0.000 0.000 
 18  alba_12    (2)    1 :  0.000 0.000 1.000 0.000 0.000 0.000 0.000 0.000 
 19  alba_13    (1)    1 :  0.000 0.000 0.980 0.001 0.000 0.000 0.000 0.019 
 20  alba_14    (2)    1 :  0.000 0.000 0.999 0.000 0.000 0.000 0.000 0.000 
 21  alba_15    (2)    1 :  0.000 0.000 1.000 0.000 0.000 0.000 0.000 0.000 
 22  alba_16    (6)    1 :  0.000 0.000 0.998 0.002 0.000 0.000 0.000 0.000 
 23  alba_17    (3)    1 :  0.000 0.000 1.000 0.000 0.000 0.000 0.000 0.000 
 24  alba_18    (5)    1 :  0.000 0.000 1.000 0.000 0.000 0.000 0.000 0.000 
 25  alba_19    (3)    1 :  0.000 0.000 0.531 0.000 0.001 0.000 0.000 0.468 
 26  alba_20    (3)    1 :  0.000 0.000 0.662 0.000 0.292 0.000 0.000 0.045 
 27  alba_21    (2)    1 :  0.000 0.000 0.366 0.003 0.423 0.000 0.000 0.208 
 28  muehl_4    (3)    4 :  0.000 1.000 0.000 0.000 0.000 0.000 0.000 0.000 
 29  muehl_5    (5)    4 :  0.000 1.000 0.000 0.000 0.000 0.000 0.000 0.000 
 30  alba_22    (7)    1 :  0.000 0.000 0.000 0.000 0.510 0.028 0.005 0.457 
 31  macro_1    (3)    3 :  0.000 0.000 0.000 0.000 0.690 0.000 0.000 0.310 
 32  macro_2    (2)    3 :  0.000 0.000 0.160 0.018 0.048 0.004 0.000 0.769 
 33  alba_23    (1)    1 :  0.000 0.000 1.000 0.000 0.000 0.000 0.000 0.000 
 34  alba_24    (1)    1 :  0.000 0.000 0.516 0.020 0.067 0.000 0.001 0.396 
 35  alba_25    (5)    1 :  0.000 0.000 0.562 0.055 0.007 0.106 0.000 0.270 
 36  alba_26   (10)    1 :  0.000 0.000 1.000 0.000 0.000 0.000 0.000 0.000 
 37  alba_27    (3)    1 :  0.000 0.000 1.000 0.000 0.000 0.000 0.000 0.000 
 38  alba_28    (2)    1 :  0.000 0.000 1.000 0.000 0.000 0.000 0.000 0.000 
 39  alba_29    (3)    1 :  0.000 0.000 1.000 0.000 0.000 0.000 0.000 0.000 
 40  alba_30    (2)    1 :  0.000 0.000 1.000 0.000 0.000 0.000 0.000 0.000 
 41  alba_31    (1)    1 :  0.000 0.000 1.000 0.000 0.000 0.000 0.000 0.000 
 42  alba_32    (2)    1 :  0.000 0.000 0.999 0.000 0.000 0.000 0.000 0.000 
 43  alba_33    (2)    1 :  0.000 0.000 1.000 0.000 0.000 0.000 0.000 0.000 
 44  alba_34    (2)    1 :  0.000 0.000 1.000 0.000 0.000 0.000 0.000 0.000 
 45  alba_35    (1)    1 :  0.000 0.000 0.999 0.000 0.000 0.000 0.000 0.000 
 46  alba_36    (1)    1 :  0.000 0.000 1.000 0.000 0.000 0.000 0.000 0.000 
 47  alba_37    (2)    1 :  0.000 0.000 0.989 0.011 0.000 0.000 0.000 0.000 
 48  alba_38    (2)    1 :  0.000 0.000 1.000 0.000 0.000 0.000 0.000 0.000 
 49  alba_39    (2)    1 :  0.000 0.000 0.994 0.000 0.002 0.000 0.001 0.003 
 50  alba_40    (2)    1 :  0.000 0.000 0.446 0.049 0.032 0.029 0.004 0.439 
 51  alba_41    (1)    1 :  0.000 0.000 0.999 0.000 0.000 0.000 0.000 0.000 
 52  alba_42    (1)    1 :  0.000 0.000 0.982 0.000 0.000 0.000 0.000 0.018 
 53  alba_43    (1)    1 :  0.000 0.000 0.997 0.003 0.000 0.000 0.000 0.000 
 54  alba_44    (2)    1 :  0.000 0.000 1.000 0.000 0.000 0.000 0.000 0.000 
 55    bicol    (5)    2 :  0.000 0.000 0.000 0.000 0.000 1.000 0.000 0.000 
 56  muehl_6    (5)    4 :  0.000 1.000 0.000 0.000 0.000 0.000 0.000 0.000 
 57  muehl_7   (15)    4 :  0.000 1.000 0.000 0.000 0.000 0.000 0.000 0.000 
 58  bicol_1    (2)    2 :  0.000 0.000 0.000 0.000 0.000 1.000 0.000 0.000 
 59  macro_3    (3)    3 :  0.000 0.000 0.000 0.000 0.508 0.389 0.000 0.103 
 60  bicol_2    (2)    2 :  0.000 0.000 0.000 0.000 0.000 1.000 0.000 0.000 
 61  bicol_3    (9)    2 :  0.000 0.000 0.000 0.000 0.000 1.000 0.000 0.000 
 62  alba_45    (2)    1 :  0.000 0.104 0.896 0.000 0.000 0.000 0.000 0.000 
 63  alba_46    (3)    1 :  0.000 0.094 0.906 0.000 0.000 0.000 0.000 0.000 
 64  bicol_4    (3)    2 :  0.000 0.036 0.000 0.000 0.108 0.000 0.000 0.855 
 65  bicol_5    (1)    2 :  0.000 0.000 0.000 0.000 0.000 1.000 0.000 0.000 
 66  macro_4    (2)    3 :  0.000 0.000 0.000 0.000 0.137 0.000 0.000 0.863 
 67  macro_5    (2)    3 :  0.000 0.000 0.000 0.000 0.174 0.000 0.000 0.826 
 68  macro_6    (2)    3 :  0.000 0.000 0.000 0.018 0.677 0.000 0.024 0.279 
 69  macro_7    (2)    3 :  0.000 0.000 0.000 0.000 0.812 0.000 0.000 0.188 
 70  macro_8    (2)    3 :  0.000 0.000 0.000 0.000 0.778 0.000 0.000 0.222 
 71  macro_9    (4)    3 :  0.000 0.000 0.000 0.000 0.119 0.000 0.001 0.880 
 72 macro_10    (2)    3 :  0.010 0.000 0.000 0.000 0.948 0.041 0.000 0.001 
 73 macro_11    (2)    3 :  0.000 0.000 0.000 0.000 0.688 0.000 0.000 0.311 
 74 macro_12    (1)    3 :  0.000 0.000 0.000 0.000 0.151 0.000 0.000 0.849 
 75 macro_13    (2)    3 :  0.000 0.000 0.000 0.000 0.397 0.000 0.004 0.599 
 76 macro_14    (2)    3 :  0.000 0.000 0.000 0.000 0.051 0.000 0.000 0.949 
 77 macro_15    (2)    3 :  0.000 0.000 0.000 0.000 0.815 0.000 0.000 0.185 
 78 macro_16    (2)    3 :  0.000 0.000 0.000 0.000 0.657 0.000 0.000 0.342 
 79 macro_17    (2)    3 :  0.000 0.000 0.019 0.000 0.156 0.059 0.000 0.766 
 80 macro_18    (2)    3 :  0.000 0.000 0.003 0.000 0.071 0.000 0.003 0.923 
 81 macro_19    (1)    3 :  0.000 0.000 0.000 0.000 0.614 0.000 0.000 0.386 
 82 macro_20    (7)    3 :  0.000 0.000 0.000 0.000 0.675 0.000 0.007 0.317 
 83 macro_21    (2)    3 :  0.000 0.000 0.000 0.000 0.606 0.000 0.000 0.393 
 84 macro_22    (3)    3 :  0.000 0.000 0.000 0.004 0.454 0.000 0.000 0.542 
 85 macro_23    (3)    3 :  0.000 0.000 0.000 0.000 0.065 0.462 0.004 0.469 
 86 macro_24    (1)    3 :  0.000 0.000 0.000 0.000 0.232 0.000 0.000 0.767 
 87 macro_25    (1)    3 :  0.000 0.000 0.000 0.000 0.121 0.000 0.000 0.879 
 88  alba_47    (2)    1 :  0.000 0.000 0.990 0.000 0.000 0.000 0.000 0.010 
 89 macro_26    (1)    3 :  0.000 0.000 0.000 0.000 0.133 0.000 0.000 0.867 
 90 macro_27    (6)    3 :  0.000 0.000 0.000 0.000 0.052 0.003 0.004 0.940 
 91 macro_28    (2)    3 :  0.000 0.001 0.000 0.000 0.333 0.000 0.002 0.664 
 92 macro_29    (6)    3 :  0.000 0.000 0.000 0.000 0.345 0.000 0.000 0.655 
 93 macro_30   (11)    3 :  0.000 0.000 0.001 0.000 0.164 0.001 0.004 0.830 
 94 macro_31    (5)    3 :  0.000 0.000 0.000 0.027 0.001 0.000 0.039 0.934 
 95 macro_32    (2)    3 :  0.000 0.000 0.000 0.000 0.175 0.000 0.000 0.825 
 96 macro_33    (1)    3 :  0.000 0.000 0.000 0.000 0.106 0.000 0.000 0.894 
 97 macro_34    (3)    3 :  0.000 0.000 0.000 0.000 0.070 0.000 0.000 0.930 
 98 macro_35   (10)    3 :  0.000 0.000 0.000 0.000 0.129 0.000 0.008 0.863 
 99 macro_36    (4)    3 :  0.000 0.000 0.000 0.000 0.118 0.002 0.000 0.879 
100 macro_37    (6)    3 :  0.000 0.000 0.000 0.000 0.106 0.014 0.000 0.880 
101 macro_38    (7)    3 :  0.000 0.000 0.000 0.000 0.218 0.000 0.004 0.778 
102 macro_39    (8)    3 :  0.000 0.000 0.001 0.002 0.159 0.001 0.004 0.833 
103 macro_40    (6)    3 :  0.000 0.000 0.000 0.000 0.130 0.000 0.001 0.869 
104 macro_41    (6)    3 :  0.000 0.002 0.000 0.000 0.144 0.036 0.006 0.812 
105 macro_42   (26)    3 :  0.000 0.000 0.000 0.000 0.781 0.051 0.005 0.163 
106 macro_43    (2)    3 :  0.000 0.000 0.000 0.000 0.328 0.000 0.000 0.672 
107 macro_44    (1)    3 :  0.000 0.000 0.000 0.000 0.410 0.000 0.000 0.589 
108 macro_45    (3)    3 :  0.000 0.000 0.000 0.000 0.159 0.000 0.000 0.840 
109 macro_46    (2)    3 :  0.000 0.000 0.000 0.000 0.641 0.000 0.000 0.359 
110 macro_47    (3)    3 :  0.000 0.000 0.000 0.000 0.725 0.000 0.000 0.275 
111 macro_48    (2)    3 :  0.000 0.000 0.000 0.000 0.926 0.000 0.000 0.074 
112 macro_49    (2)    3 :  0.000 0.000 0.000 0.000 1.000 0.000 0.000 0.000 
113 macro_50    (1)    3 :  0.000 0.000 0.000 0.000 0.871 0.000 0.000 0.129 
114 macro_51    (3)    3 :  0.000 0.000 0.000 0.000 0.533 0.000 0.002 0.465 
115 macro_52    (2)    3 :  0.000 0.000 0.000 0.000 0.662 0.000 0.000 0.338 
116  alba_48    (2)    1 :  0.000 0.000 1.000 0.000 0.000 0.000 0.000 0.000 
117 macro_53    (5)    3 :  0.000 0.000 0.000 0.000 0.045 0.000 0.000 0.955 
118 macro_54    (5)    3 :  0.000 0.000 0.000 0.000 0.103 0.002 0.000 0.895 
119 macro_55    (3)    3 :  0.000 0.000 0.000 0.000 0.085 0.000 0.001 0.914 
120 macro_56   (12)    3 :  0.000 0.000 0.000 0.000 0.075 0.000 0.000 0.925 
121 macro_57    (6)    3 :  0.000 0.000 0.000 0.000 0.046 0.000 0.000 0.953 
122 macro_58    (3)    3 :  0.000 0.000 0.000 0.000 0.066 0.000 0.002 0.932 
123 macro_59    (3)    3 :  0.000 0.000 0.000 0.000 0.149 0.000 0.004 0.847 
124 macro_60    (2)    3 :  0.000 0.000 0.000 0.000 0.218 0.000 0.000 0.782 
125 macro_61   (10)    3 :  0.000 0.000 0.000 0.000 0.134 0.000 0.005 0.860 
126 macro_62    (2)    3 :  0.000 0.000 0.000 0.000 0.639 0.000 0.000 0.360 
127 macro_63    (3)    3 :  0.000 0.002 0.000 0.000 0.648 0.000 0.000 0.350 
128 macro_64    (3)    3 :  0.000 0.000 0.000 0.000 0.622 0.000 0.000 0.378 
129 macro_65    (3)    3 :  0.000 0.000 0.000 0.000 0.633 0.000 0.000 0.367 
130 macro_66    (2)    3 :  0.000 0.000 0.000 0.000 0.809 0.000 0.000 0.191 
131 macro_67    (2)    3 :  0.000 0.000 0.000 0.000 1.000 0.000 0.000 0.000 
132 macro_68    (1)    3 :  0.000 0.000 0.000 0.000 0.841 0.000 0.000 0.159 
133 macro_69    (2)    3 :  0.000 0.000 0.000 0.000 0.794 0.000 0.000 0.206 
134 macro_70   (10)    3 :  0.000 0.000 0.000 0.000 0.440 0.000 0.002 0.558 
135 macro_71    (2)    3 :  0.000 0.000 0.000 0.000 0.211 0.000 0.000 0.789 
136 macro_72    (2)    3 :  0.000 0.000 0.000 0.000 0.185 0.000 0.000 0.815 
137 macro_73    (2)    3 :  0.000 0.000 0.000 0.000 0.214 0.001 0.000 0.785 
138 macro_74    (4)    3 :  0.000 0.000 0.013 0.000 0.153 0.561 0.000 0.273 
139 macro_75    (2)    3 :  0.000 0.000 0.000 0.000 0.101 0.068 0.000 0.830 
140 macro_76    (2)    3 :  0.000 0.021 0.000 0.000 0.102 0.001 0.001 0.874 
141 macro_77    (3)    3 :  0.000 0.000 0.000 0.000 0.149 0.014 0.000 0.837 
142 macro_78    (2)    3 :  0.000 0.000 0.022 0.000 0.047 0.426 0.003 0.502 
143 macro_79    (2)    3 :  0.000 0.000 0.000 0.000 0.133 0.059 0.000 0.808 
144 macro_80    (4)    3 :  0.000 0.000 0.007 0.000 0.100 0.068 0.001 0.825 
145 macro_81    (3)    3 :  0.000 0.000 0.006 0.017 0.177 0.070 0.000 0.731 
146 macro_82    (2)    3 :  0.001 0.001 0.001 0.024 0.206 0.008 0.026 0.733 
147 macro_83    (1)    3 :  0.000 0.000 0.006 0.000 0.165 0.021 0.001 0.806 
148 macro_84    (3)    3 :  0.000 0.000 0.000 0.000 0.086 0.045 0.003 0.866 
149 macro_85    (2)    3 :  0.000 0.000 0.000 0.000 0.062 0.063 0.000 0.876 
150 macro_86   (12)    3 :  0.000 0.000 0.000 0.000 0.054 0.048 0.000 0.898 
151 macro_87    (7)    3 :  0.000 0.000 0.000 0.000 0.124 0.017 0.002 0.857 
152 macro_88    (1)    3 :  0.000 0.000 0.000 0.000 0.200 0.013 0.000 0.787 
153 macro_89    (2)    3 :  0.000 0.000 0.000 0.000 0.178 0.015 0.000 0.807 
154 macro_90   (10)    3 :  0.000 0.000 0.000 0.001 0.100 0.181 0.001 0.718 
155 macro_91    (1)    3 :  0.000 0.000 0.000 0.000 0.680 0.000 0.000 0.319 
156 macro_92    (2)    3 :  0.000 0.000 0.000 0.000 0.692 0.000 0.000 0.308 
157 macro_93    (2)    3 :  0.000 0.000 0.000 0.000 0.708 0.000 0.000 0.291 
158 macro_94    (2)    3 :  0.000 0.000 0.000 0.000 0.650 0.000 0.000 0.350 
159 macro_95    (2)    3 :  0.000 0.000 0.000 0.000 0.513 0.000 0.000 0.486 
160 macro_96    (3)    3 :  0.000 0.000 0.000 0.000 0.493 0.000 0.002 0.505 
161 macro_97    (1)    3 :  0.000 0.009 0.000 0.000 0.592 0.015 0.000 0.384 
162 macro_98    (3)    3 :  0.000 0.000 0.000 0.000 0.567 0.000 0.002 0.430 
163 macro_99    (2)    3 :  0.000 0.009 0.000 0.000 0.592 0.000 0.002 0.397 
164  alba_49    (1)    1 :  0.000 0.000 1.000 0.000 0.000 0.000 0.000 0.000 
165  alba_50    (2)    1 :  0.000 0.000 1.000 0.000 0.000 0.000 0.000 0.000 
166 macro_100    (1)    3 :  0.000 0.000 0.000 0.000 0.119 0.103 0.000 0.778 
167 macro_101    (1)    3 :  0.000 0.000 0.035 0.000 0.040 0.136 0.000 0.788 
168 macro_102    (2)    3 :  0.000 0.000 0.008 0.003 0.282 0.022 0.000 0.685 
169 macro_103    (1)    3 :  0.000 0.000 0.013 0.007 0.216 0.016 0.000 0.748 
170  alba_51    (1)    1 :  0.000 0.000 1.000 0.000 0.000 0.000 0.000 0.000 
171 macro_104    (1)    3 :  0.000 0.000 0.000 0.000 0.113 0.000 0.000 0.887 
172 macro_105    (1)    3 :  0.000 0.000 0.000 0.000 0.123 0.000 0.000 0.877 
173 macro_106    (1)    3 :  0.000 0.000 0.000 0.000 0.001 0.000 0.000 0.998 
174 macro_107    (1)    3 :  0.000 0.000 0.000 0.000 0.115 0.000 0.000 0.885 
175 macro_108    (2)    3 :  0.000 0.000 0.000 0.000 0.065 0.000 0.000 0.934 
176 macro_109    (2)    3 :  0.000 0.000 0.000 0.000 0.055 0.000 0.000 0.944 
177 macro_110    (1)    3 :  0.000 0.000 0.000 0.000 0.038 0.000 0.000 0.962 
178 macro_111    (1)    3 :  0.000 0.000 0.000 0.000 0.103 0.000 0.000 0.897 
179 macro_112    (2)    3 :  0.000 0.000 0.000 0.000 0.098 0.000 0.000 0.902 
180 macro_113    (1)    3 :  0.000 0.000 0.000 0.000 0.100 0.002 0.000 0.898 
181 macro_114    (1)    3 :  0.000 0.000 0.000 0.000 0.108 0.000 0.000 0.891 
182 macro_115    (1)    3 :  0.000 0.000 0.000 0.000 0.106 0.000 0.000 0.893 
183 macro_116    (1)    3 :  0.000 0.000 0.000 0.000 0.371 0.000 0.000 0.628 
184 macro_117    (1)    3 :  0.000 0.009 0.000 0.000 0.068 0.001 0.000 0.921 
185 macro_118    (2)    3 :  0.000 0.000 0.000 0.000 0.378 0.002 0.000 0.621 
186 macro_119    (1)    3 :  0.000 0.000 0.000 0.004 0.296 0.045 0.000 0.654 
187 macro_120   (57)    3 :  0.000 0.000 0.000 0.010 0.268 0.000 0.048 0.673 
188 macro_121    (2)    3 :  0.000 0.000 0.000 0.007 0.343 0.008 0.000 0.641 
189 macro_122    (1)    3 :  0.000 0.000 0.000 0.000 0.329 0.001 0.000 0.670 
190 macro_123    (1)    3 :  0.000 0.000 0.000 0.000 0.057 0.000 0.000 0.942 
191 macro_124    (3)    3 :  0.000 0.000 0.000 0.000 0.070 0.000 0.000 0.930 
192  muehl_8    (3)    4 :  0.000 0.958 0.002 0.001 0.000 0.000 0.004 0.035 
193  muehl_9    (1)    4 :  0.000 1.000 0.000 0.000 0.000 0.000 0.000 0.000 
194 muehl_10    (6)    4 :  0.016 0.984 0.000 0.000 0.000 0.000 0.000 0.000 
195 muehl_11    (6)    4 :  0.000 1.000 0.000 0.000 0.000 0.000 0.000 0.000 
196 muehl_12    (3)    4 :  0.000 0.968 0.000 0.000 0.029 0.000 0.000 0.002 
197 muehl_13    (7)    4 :  0.000 1.000 0.000 0.000 0.000 0.000 0.000 0.000 
198 muehl_14    (1)    4 :  0.000 0.145 0.000 0.000 0.000 0.000 0.000 0.854 
199 muehl_15    (2)    4 :  0.000 0.616 0.000 0.000 0.000 0.000 0.000 0.384 
200 muehl_16    (2)    4 :  0.000 1.000 0.000 0.000 0.000 0.000 0.000 0.000 
201 muehl_17    (1)    4 :  0.012 0.988 0.000 0.000 0.000 0.000 0.000 0.000 
202 muehl_18    (1)    4 :  0.000 1.000 0.000 0.000 0.000 0.000 0.000 0.000 
203 muehl_19    (1)    4 :  0.000 1.000 0.000 0.000 0.000 0.000 0.000 0.000 
204  alba_52    (3)    1 :  0.000 0.014 0.183 0.655 0.000 0.061 0.000 0.086 
205    stell    (1)    5 :  1.000 0.000 0.000 0.000 0.000 0.000 0.000 0.000 
206 macro_125    (2)    3 :  0.000 0.000 0.000 0.000 0.745 0.000 0.000 0.254 
207  stell_1    (2)    5 :  1.000 0.000 0.000 0.000 0.000 0.000 0.000 0.000 
208  stell_2    (1)    5 :  1.000 0.000 0.000 0.000 0.000 0.000 0.000 0.000 
209  stell_3    (1)    5 :  1.000 0.000 0.000 0.000 0.000 0.000 0.000 0.000 
210  stell_4    (2)    5 :  1.000 0.000 0.000 0.000 0.000 0.000 0.000 0.000 
211  stell_5    (7)    5 :  1.000 0.000 0.000 0.000 0.000 0.000 0.000 0.000 
212  stell_6    (1)    5 :  1.000 0.000 0.000 0.000 0.000 0.000 0.000 0.000 
213  stell_7    (6)    5 :  0.877 0.000 0.000 0.000 0.000 0.000 0.001 0.121 
214  stell_8    (3)    5 :  0.776 0.000 0.000 0.000 0.223 0.000 0.000 0.000 
215  stell_9    (4)    5 :  0.742 0.000 0.000 0.000 0.258 0.000 0.000 0.000 
216 stell_10    (2)    5 :  1.000 0.000 0.000 0.000 0.000 0.000 0.000 0.000 
217 stell_11    (2)    5 :  1.000 0.000 0.000 0.000 0.000 0.000 0.000 0.000 
218 stell_12    (1)    5 :  1.000 0.000 0.000 0.000 0.000 0.000 0.000 0.000 
219 stell_13    (1)    5 :  1.000 0.000 0.000 0.000 0.000 0.000 0.000 0.000 
220  alba_53   (13)    1 :  0.000 0.000 0.990 0.000 0.000 0.000 0.001 0.008 
221 macro_126    (6)    3 :  0.000 0.000 0.000 0.000 0.152 0.000 0.001 0.847 
222 macro_127   (11)    3 :  0.000 0.000 0.000 0.000 0.081 0.000 0.003 0.916 
223 stell_14   (10)    5 :  1.000 0.000 0.000 0.000 0.000 0.000 0.000 0.000 
224  alba_54    (5)    1 :  0.000 0.000 0.986 0.000 0.002 0.002 0.000 0.010 
225  alba_55    (7)    1 :  0.000 0.000 0.985 0.000 0.001 0.013 0.001 0.000 
226  alba_56    (4)    1 :  0.000 0.000 0.998 0.000 0.000 0.001 0.000 0.000 
227  alba_57    (2)    1 :  0.000 0.000 1.000 0.000 0.000 0.000 0.000 0.000 
228  alba_58   (17)    1 :  0.000 0.000 0.990 0.000 0.000 0.002 0.001 0.007 
229  alba_59    (8)    1 :  0.000 0.000 0.993 0.006 0.000 0.000 0.000 0.000 
230  alba_60    (6)    1 :  0.000 0.000 1.000 0.000 0.000 0.000 0.000 0.000 
231  alba_61   (19)    1 :  0.000 0.000 1.000 0.000 0.000 0.000 0.000 0.000 
232  alba_62   (14)    1 :  0.000 0.000 1.000 0.000 0.000 0.000 0.000 0.000 
233  alba_63    (4)    1 :  0.000 0.000 0.949 0.001 0.008 0.013 0.000 0.029 
234  alba_64   (10)    1 :  0.000 0.000 1.000 0.000 0.000 0.000 0.000 0.000 
235  alba_65    (6)    1 :  0.000 0.000 1.000 0.000 0.000 0.000 0.000 0.000 
236  alba_66    (2)    1 :  0.000 0.000 1.000 0.000 0.000 0.000 0.000 0.000 
237  alba_67    (2)    1 :  0.000 0.000 1.000 0.000 0.000 0.000 0.000 0.000 
238  alba_68    (2)    1 :  0.000 0.000 1.000 0.000 0.000 0.000 0.000 0.000 
239  alba_69    (4)    1 :  0.000 0.000 1.000 0.000 0.000 0.000 0.000 0.000 
240  bicol_6   (10)    2 :  0.000 0.000 0.000 0.000 0.000 0.700 0.001 0.300 
241 macro_128    (5)    3 :  0.000 0.000 0.000 0.000 0.132 0.000 0.005 0.862 
242 macro_129   (11)    3 :  0.000 0.000 0.000 0.000 0.037 0.005 0.001 0.957 
243 macro_130   (13)    3 :  0.000 0.000 0.000 0.000 0.280 0.023 0.002 0.695 
244 macro_131   (12)    3 :  0.000 0.000 0.000 0.000 0.172 0.000 0.000 0.828 
245 macro_132    (8)    3 :  0.000 0.000 0.000 0.025 0.067 0.000 0.040 0.868 
246 macro_133   (15)    3 :  0.000 0.000 0.000 0.089 0.001 0.000 0.199 0.711 
247 macro_134    (6)    3 :  0.001 0.001 0.000 0.063 0.000 0.004 0.088 0.843 
248 macro_135    (4)    3 :  0.000 0.000 0.000 0.000 0.153 0.000 0.001 0.846 
249 macro_136    (5)    3 :  0.000 0.011 0.000 0.000 0.061 0.001 0.000 0.927 
250 macro_137   (12)    3 :  0.000 0.001 0.000 0.000 0.126 0.000 0.006 0.867 
251 macro_138   (14)    3 :  0.000 0.001 0.000 0.001 0.147 0.000 0.009 0.842 
252 macro_139   (10)    3 :  0.000 0.000 0.000 0.000 0.193 0.000 0.004 0.802 
253 macro_140   (27)    3 :  0.000 0.000 0.000 0.000 0.160 0.000 0.004 0.836 
254 macro_141   (10)    3 :  0.000 0.000 0.000 0.000 0.215 0.000 0.001 0.783 
255 macro_142   (10)    3 :  0.000 0.000 0.000 0.000 0.152 0.000 0.000 0.848 
256 macro_143    (5)    3 :  0.000 0.000 0.000 0.000 0.189 0.000 0.004 0.807 
257 macro_144   (25)    3 :  0.000 0.000 0.000 0.000 0.687 0.000 0.005 0.307 
258 muehl_20   (33)    4 :  0.000 1.000 0.000 0.000 0.000 0.000 0.000 0.000 
259 muehl_21    (4)    4 :  0.000 1.000 0.000 0.000 0.000 0.000 0.000 0.000 
260 muehl_22   (27)    4 :  0.000 1.000 0.000 0.000 0.000 0.000 0.000 0.000 
261 stell_15    (2)    5 :  1.000 0.000 0.000 0.000 0.000 0.000 0.000 0.000 
262 stell_16   (10)    5 :  1.000 0.000 0.000 0.000 0.000 0.000 0.000 0.000 
263 stell_17   (21)    5 :  1.000 0.000 0.000 0.000 0.000 0.000 0.000 0.000 
